Superclass GDRO
0.166369, 0.16041934, 0.16559349, 0.16590376, 0.16601868, 0.16253757, 0.167443, 0.16453959, 0.1459935, 0.15762657

0.1668605, 0.15862186, 0.16364247, 0.15864386, 0.14996412

Subclass GDRO
0.16566136, 0.15930258, 0.1527516, 0.14459248, 0.16225065, 0.16037986, 0.13292971, 0.16517404, 0.1655288, 0.16282068

0.15989646, 0.12787725, 0.17697954, 0.1758556, 0.15562223

Superclass balanced ERM
0.16777673, 0.16426112, 0.15963295, 0.16122791, 0.1581746, 0.16650201, 0.15822574, 0.16918184, 0.16087198, 0.16359684

0.17058307, 0.15273854, 0.17012519, 0.15778562, 0.16930676

Subclass balanced ERM
0.14106989, 0.16635078, 0.15839334, 0.16117615, 0.1604613, 0.16067313, 0.16126601, 0.16782652, 0.15808865, 0.16718774

0.15525164, 0.15713632, 0.17513087, 0.14818087, 0.16987577

Superclass ERM
0.14328584, 0.14232856, 0.13986644, 0.1385052, 0.1372633

0.10575445, 0.1047691, 0.10196062, 0.10039001, 0.100717396

Subclass ERM
0.13780543, 0.13742931, 0.13253355, 0.1409766, 0.14322081

0.099362195, 0.097459115, 0.0941416, 0.099121645, 0.10314512


